
100      24      35         0.090       385.823
200      41      42         0.084       502.820
300      56      45         0.126       360.101
400      65      48         0.175       273.662
500      82      51         0.201       254.499
600      91      53         0.249       214.064
700     112      55         0.283       193.920
800     123      57         0.329       171.577
900     134      56         0.360       154.890
1000     152      57         0.395       143.385
1100     165      57         0.449       127.844
1200     181      58         0.420       138.612
1300     191      60         0.457       132.170
1400     208      61         0.489       124.462
1500     236      62         0.525       118.493
1600     236      61         0.540       112.513


