100       62      403   6.4629    0.6242   4.0339
 200       31      133   4.3405    0.1530   0.6641
 300       43      193   4.4861    0.1437   0.6448
 400       22      203   9.1514    0.0554   0.5071
 500       28      162   5.7099    0.0568   0.3245
 600       64      363   5.6501    0.1070   0.6048
 700       14      208  15.4118    0.0193   0.2975
 800       15      243  16.4785    0.0184   0.3037
 900       14      270  19.1683    0.0157   0.3005
 1000       14      301  21.6453    0.0139   0.3006
 1100       14      329  23.1983    0.0129   0.2988
 1200       14      358  25.3505    0.0118   0.2987
 1300       22      392  18.1323    0.0166   0.3014
 1400       22      416  19.0187    0.0156   0.2971
 1500       22      443  20.2691    0.0146   0.2955
 1600       21      483  23.4859    0.0129   0.3020
 1000000       25   284844 11363.7596    0.0000   0.2848