100  558973.00  500185.00  0.89
200  512045.00  453995.00  0.89
300  1145940.00  865603.00  0.76
400  671907.00  1335499.00  1.99
500  798539.00  523227.00  0.66
600  1989846.00  818340.00  0.41
700  2047622.00  570853.00  0.28
800  475755.00  737112.00  1.55
900  627430.00  297781.00  0.47
1000  669277.00  363364.00  0.54
1100  905767.00  493014.00  0.54
1200  894564.00  412358.00  0.46
1300  1069431.00  473470.00  0.44
1400  1311418.00  572075.00  0.44
1500  1602836.00  652913.00  0.41
1600  1911645.00  703424.00  0.37

