1000  3275495  3265422 1082532  598906 0.55
2000  9164458  9156611 393941  234943 0.60
3000  3567861  1267714 507172  131162 0.26
4000  7557977  2716279 406134  261274 0.64
5000  12626329  3753101 507055  139700 0.28
6000  14845756  5571892 530975  178724 0.34
7000  18421752  6965392 609018  174776 0.29
8000  23818813  9018279 723683  198431 0.27
9000  30306201  11897704 810929  229820 0.28
10000  37542733  14121843 877100  255751 0.29
11000  49275060  18748896 945771  316469 0.33
12000  54229016  19792026 1092221  340029 0.31
13000  62575191  24798344 1271328  336053 0.26
14000  74016927  29797586 1236345  360798 0.29
15000  82270119  32223103 1377715  397094 0.29
16000  96131065  37281757 1469852  422766 0.29
