1000  3695902  3373112 2793925  823835 3.39
2000  9344466  6696048 6120708  343625 17.81
3000  3431733  2635603 1424392  544801 2.61
4000  7707275  4905604 2641149  507790 5.20
5000  9787454  7703344 3506881  445714 7.87
6000  14344944  11043975 4963518  519855 9.55
7000  18544774  14909437 7120338  603935 11.79
8000  23613114  19166634 8846691  700175 12.63
9000  30050963  24807932 11171680  814302 13.72
10000  37633059  30224660 13572389  909502 14.92
11000  44788806  37034210 16617951  1009981 16.45
12000  54140788  43717863 19782366  1075823 18.39
13000  62334074  51120507 22732239  1159121 19.61
14000  71529399  59416644 26728065  1239487 21.56
15000  82736615  68528065 30321219  1325290 22.88
16000  92845638  75809362 33817849  1432710 23.60
