25    355    434  1.22
50    180    386  2.14
100    258    550  2.13
200    326    660  2.03
400    544   1154  2.12
800    875   2099  2.40
1600   2131   4903  2.30
3200   4636   10785  2.33
6400   9011   20958  2.33
12800   18053   43285  2.40
25600   29397   76488  2.60
52000   54267   146680  2.70

//just insert operation evaluated:
25    459    493  1.07
50    298    367  1.23
100    527    615  1.17
200    686    226  0.33
400   1098    479  0.44
800    881    869  0.99
1600   2154   2025  0.94
3200   3306   3284  0.99
6400   4967   4944  1.00
12800   8756   8761  1.00
25600   16786   16777  1.00
52000   33750   33672  1.00